00000 404
00001 200
00002 404
00003 404
00004 404
00005 404
00006 404
00007 404
00008 404
00009 404
00010 404
00011 404
00012 404
00013 404
00014 404
00015 404
00016 404
00017 404
00018 404
00019 404
00020 404
00021 404
00022 404
00023 404
00024 404
00025 404
00026 404
00027 404
00028 404
00029 404
00030 404
00031 404
00032 404
00033 404
00034 404
00035 404
00036 404
00037 404
00038 404
00039 404
00040 404
00041 404
00042 404
00043 404
00044 404
00045 404
00046 404
00047 404
00048 404
00049 404
00050 404
00051 404
00052 404
00053 404
00054 404
00055 404
00056 404
00057 404
00058 404
00059 404
00060 404
00061 404
00062 404
00063 404
00064 404
00065 404
00066 404
00067 404
00068 404
00069 404
00070 404
00071 404
00072 404
00073 404
00074 404
00075 404
00076 404
00077 404
00078 404
00079 404
00080 404
00081 404
00082 404
00083 404
00084 404
00085 404
00086 404
00087 404
00088 404
00089 404
00090 404
00091 404
00092 404
00093 404
00094 404
00095 404
00096 404
00097 404
00098 404
00099 404
00100 404
00101 404
00102 404
00103 404
00104 404
00105 404
00106 404
00107 404
00108 404
00109 404
00110 404
00111 404
00112 404
00113 404
00114 404
00115 404
00116 404
00117 404
00118 404
00119 404
00120 404
00121 404
00122 404
00123 404
00124 404
00125 404
00126 404
00127 404
00128 404
00129 404
00130 404
00131 404
00132 404
00133 404
00134 404
00135 404
00136 404
00137 404
00138 404
00139 404
00140 404
00141 404
00142 404
00143 404
00144 404
00145 404
00146 404
00147 404
00148 404
00149 404
00150 404
00151 404
00152 404
00153 404
00154 404
00155 404
00156 404
00157 404
00158 404
00159 404
00160 404
00161 404
00162 404
00163 404
00164 404
00165 404
00166 404
00167 404
00168 404
00169 404
00170 404
00171 404
00172 404
00173 404
00174 404
00175 404
00176 404
00177 404
00178 404
00179 404
00180 404
00181 404
00182 404
00183 404
00184 404
00185 404
00186 404
00187 404
00188 404
00189 404
00190 404
00191 404
00192 404
00193 404
00194 404
00195 404
00196 404
00197 404
00198 404
00199 404
00200 404
00201 404
00202 404
00203 404
00204 404
00205 404
00206 404
00207 404
00208 404
00209 404
00210 404
00211 404
00212 404
00213 404
00214 404
00215 404
00216 404
00217 404
00218 404
00219 404
00220 404
00221 404
00222 404
00223 404
00224 404
00225 404
00226 404
00227 404
00228 404
00229 404
00230 404
00231 404
00232 404
00233 404
00234 404
00235 404
00236 404
00237 404
00238 404
00239 404
00240 404
00241 404
00242 404
00243 404
00244 404
00245 404
00246 404
00247 404
00248 404
00249 404
00250 404
00251 404
00252 404
00253 404
00254 404
00255 404
00256 404
00257 404
00258 404
00259 404
00260 404
00261 404
00262 404
00263 404
00264 404
00265 404
00266 404
00267 404
00268 404
00269 404
00270 404
00271 404
00272 404
00273 404
00274 404
00275 404
00276 404
00277 404
00278 404
00279 404
00280 404
00281 404
00282 404
00283 404
00284 404
00285 404
00286 404
00287 404
00288 404
00289 404
00290 404
00291 404
00292 404
00293 404
00294 404
00295 404
00296 404
00297 404
00298 404
00299 404
00300 404
00301 404
00302 404
00303 404
00304 404
00305 404
00306 404
00307 404
00308 404
00309 404
00310 404
00311 404
00312 404
00313 404
00314 404
00315 404
00316 404
00317 404
00318 404
00319 404
00320 404
00321 404
00322 404
00323 404
00324 404
00325 404
00326 404
00327 404
00328 404
00329 404
00330 404
00331 404
00332 404
00333 404
00334 404
00335 404
00336 404
00337 404
00338 404
00339 404
00340 404
00341 404
00342 404
00343 404
00344 404
00345 404
00346 404
00347 404
00348 404
00349 404
00350 404
00351 404
00352 404
00353 404
00354 404
00355 404
00356 404
00357 404
00358 404
00359 404
00360 404
00361 404
00362 404
00363 404
00364 404
00365 404
00366 404
00367 404
00368 404
00369 404
00370 404
00371 404
00372 404
00373 404
00374 404
00375 404
00376 404
00377 404
00378 404
00379 404
00380 404
00381 404
00382 404
00383 404
00384 404
00385 404
00386 404
00387 404
00388 404
00389 404
00390 404
00391 404
00392 404
00393 404
00394 404
00395 404
00396 404
00397 404
00398 404
00399 404
00400 404
00401 404
00402 404
00403 404
00404 404
00405 404
00406 404
00407 404
00408 404
00409 404
00410 404
00411 404
00412 404
00413 404
00414 404
00415 404
00416 404
00417 404
00418 404
00419 404
00420 404
00421 404
00422 404
00423 404
00424 404
00425 404
00426 404
00427 404
00428 404
00429 404
00430 404
00431 404
00432 404
00433 404
00434 404
00435 404
00436 404
00437 404
00438 404
00439 404
00440 404
00441 404
00442 404
00443 404
00444 404
00445 404
00446 404
00447 404
00448 404
00449 404
00450 404
00451 404
00452 404
00453 404
00454 404
00455 404
00456 404
00457 404
00458 404
00459 404
00460 200
00461 404
00462 404
00463 404
00464 404
00465 404
00466 404
00467 404
00468 404
00469 404
00470 404
00471 404
00472 404
00473 404
00474 404
00475 404
00476 404
00477 404
00478 404
00479 404
00480 404
00481 404
00482 404
00483 404
00484 404
00485 404
00486 404
00487 404
00488 404
00489 404
00490 404
00491 404
00492 404
00493 404
00494 404
00495 404
00496 404
00497 404
00498 404
00499 404
00500 404
00501 404
00502 404
00503 404
00504 404
00505 404
00506 404
00507 404
00508 404
00509 404
00510 404
00511 404
00512 404
00513 404
00514 404
00515 404
00516 404
00517 404
00518 404
00519 404
00520 404
00521 404
00522 404
00523 404
00524 404
00525 404
00526 404
00527 404
00528 404
00529 404
00530 404
00531 404
00532 404
00533 404
00534 404
00535 404
00536 404
00537 404
00538 404
00539 404
00540 404
00541 404
00542 404
00543 404
00544 404
00545 404
00546 404
00547 404
00548 404
00549 404
00550 404
00551 404
00552 404
00553 404
00554 404
00555 404
00556 404
00557 404
00558 404
00559 404
00560 404
00561 404
00562 404
00563 404
00564 404
00565 404
00566 404
00567 404
00568 404
00569 404
00570 404
00571 404
00572 404
00573 404
00574 404
00575 404
00576 404
00577 404
00578 404
00579 404
00580 404
00581 404
00582 404
00583 404
00584 404
00585 404
00586 404
00587 404
00588 404
00589 404
00590 404
00591 404
00592 404
00593 404
00594 404
00595 404
00596 404
00597 404
00598 404
00599 404
00600 404
00601 404
00602 404
00603 404
00604 404
00605 404
00606 404
00607 404
00608 404
00609 404
00610 404
00611 404
00612 404
00613 404
00614 404
00615 404
00616 404
00617 404
00618 404
00619 404
00620 404
00621 404
00622 404
00623 404
00624 404
00625 404
00626 404
00627 404
00628 404
00629 404
00630 404
00631 404
00632 404
00633 404
00634 404
00635 404
00636 404
00637 404
00638 404
00639 404
00640 404
00641 404
00642 404
00643 404
00644 404
00645 404
00646 404
00647 404
00648 404
00649 404
00650 404
00651 404
00652 404
00653 404
00654 404
00655 404
00656 404
00657 404
00658 404
00659 404
00660 404
00661 404
00662 404
00663 404
00664 404
00665 404
00666 404
00667 404
00668 404
00669 404
00670 404
00671 404
00672 404
00673 404
00674 404
00675 404
00676 404
00677 404
00678 404
00679 404
00680 404
00681 404
00682 404
00683 404
00684 404
00685 404
00686 404
00687 404
00688 404
00689 404
00690 404
00691 404
00692 404
00693 404
00694 404
00695 404
00696 404
00697 404
00698 404
00699 404
00700 404
00701 404
00702 404
00703 404
00704 404
00705 404
00706 404
00707 404
00708 404
00709 404
00710 404
00711 404
00712 404
00713 404
00714 404
00715 404
00716 404
00717 404
00718 404
00719 404
00720 404
00721 404
00722 404
00723 404
00724 404
00725 404
00726 404
00727 404
00728 404
00729 404
00730 404
00731 404
00732 404
00733 404
00734 404
00735 404
00736 404
00737 404
00738 404
00739 404
00740 404
00741 404
00742 404
00743 404
00744 404
00745 404
00746 404
00747 404
00748 404
00749 404
00750 404
00751 404
00752 404
00753 404
00754 404
00755 404
00756 404
00757 404
00758 404
00759 404
00760 404
00761 404
00762 404
00763 404
00764 404
00765 404
00766 404
00767 404
00768 404
00769 404
00770 404
00771 404
00772 404
00773 404
00774 404
00775 404
00776 404
00777 404
00778 404
00779 404
00780 404
00781 404
00782 404
00783 404
00784 404
00785 404
00786 200
00787 404
00788 404
00789 404
00790 404
00791 404
00792 404
00793 404
00794 404
00795 404
00796 404
00797 404
00798 404
00799 404
00800 404
00801 404
00802 404
00803 404
00804 404
00805 404
00806 404
00807 404
00808 404
00809 404
00810 404
00811 404
00812 404
00813 404
00814 404
00815 404
00816 404
00817 404
00818 404
00819 404
00820 404
00821 404
00822 404
00823 404
00824 404
00825 404
00826 404
00827 404
00828 404
00829 404
00830 404
00831 404
00832 404
00833 404
00834 404
00835 404
00836 404
00837 404
00838 404
00839 404
00840 404
00841 404
00842 404
00843 404
00844 404
00845 404
00846 404
00847 404
00848 404
00849 404
00850 404
00851 404
00852 404
00853 404
00854 404
00855 404
00856 404
00857 404
00858 404
00859 404
00860 404
00861 404
00862 404
00863 404
00864 404
00865 404
00866 404
00867 404
00868 404
00869 404
00870 404
00871 404
00872 404
00873 404
00874 404
00875 404
00876 404
00877 404
00878 404
00879 404
00880 404
00881 404
00882 404
00883 404
00884 404
00885 404
00886 404
00887 404
00888 404
00889 404
00890 404
00891 404
00892 404
00893 404
00894 404
00895 404
00896 404
00897 404
00898 404
00899 404
00900 200
00901 404
00902 404
00903 404
00904 404
00905 404
00906 404
00907 404
00908 404
00909 404
00910 404
00911 404
00912 404
00913 404
00914 404
00915 404
00916 404
00917 404
00918 404
00919 404
00920 404
00921 404
00922 404
00923 404
00924 404
00925 404
00926 404
00927 404
00928 404
00929 404
00930 404
00931 404
00932 404
00933 404
00934 404
00935 404
00936 404
00937 404
00938 404
00939 404
00940 404
00941 404
00942 404
00943 404
00944 404
00945 404
00946 404
00947 404
00948 404
00949 404
00950 404
00951 404
00952 404
00953 404
00954 404
00955 404
00956 404
00957 404
00958 404
00959 404
00960 404
00961 404
00962 404
00963 404
00964 404
00965 404
00966 404
00967 404
00968 404
00969 404
00970 404
00971 404
00972 404
00973 404
00974 404
00975 404
00976 404
00977 404
00978 404
00979 404
00980 404
00981 404
00982 404
00983 404
00984 404
00985 404
00986 404
00987 404
00988 404
00989 404
00990 404
00991 404
00992 404
00993 404
00994 404
00995 404
00996 404
00997 404
00998 404
00999 404
01000 404
01001 404
01002 404
01003 404
01004 404
01005 404
01006 404
01007 404
01008 404
01009 404
01010 404
01011 404
01012 404
01013 404
01014 404
01015 404
01016 404
01017 404
01018 404
01019 404
01020 404
01021 404
01022 404
01023 404
01024 404
01025 404
01026 404
01027 404
01028 404
01029 404
01030 404
01031 404
01032 404
01033 404
01034 404
01035 404
01036 404
01037 404
01038 404
01039 404
01040 404
01041 404
01042 404
01043 404
01044 404
01045 404
01046 404
01047 404
01048 404
01049 404
01050 404
01051 404
01052 404
01053 404
01054 404
01055 404
01056 404
01057 404
01058 404
01059 404
01060 404
01061 404
01062 404
01063 404
01064 404
01065 404
01066 404
01067 404
01068 404
01069 404
01070 404
01071 404
01072 404
01073 404
01074 404
01075 404
01076 404
01077 404
01078 404
01079 404
01080 404
01081 404
01082 404
01083 404
01084 404
01085 404
01086 404
01087 404
01088 404
01089 404
01090 404
01091 404
01092 404
01093 404
01094 404
01095 404
01096 404
01097 404
01098 404
01099 404
01100 200
01101 200
01102 200
01103 200
01104 404
01105 200
01106 404
01107 200
01108 404
01109 404
01110 404
01111 200
01112 404
01113 200
01114 404
01115 200
01116 404
01117 404
01118 404
01119 404
01120 404
01121 404
01122 404
01123 404
01124 404
01125 404
01126 404
01127 404
01128 404
01129 404
01130 404
01131 404
01132 404
01133 404
01134 404
01135 404
01136 404
01137 404
01138 404
01139 404
01140 404
01141 404
01142 404
01143 404
01144 404
01145 404
01146 404
01147 404
01148 404
01149 404
01150 404
01151 404
01152 404
01153 404
01154 404
01155 404
01156 404
01157 404
01158 404
01159 404
01160 404
01161 404
01162 404
01163 404
01164 404
01165 404
01166 404
01167 404
01168 404
01169 404
01170 404
01171 404
01172 404
01173 404
01174 404
01175 404
01176 404
01177 404
01178 404
01179 404
01180 404
01181 404
01182 404
01183 404
01184 404
01185 404
01186 404
01187 404
01188 404
01189 404
01190 404
01191 404
01192 404
01193 404
01194 404
01195 404
01196 200
01197 200
01198 200
01199 200
01200 404
01201 200
01202 404
01203 200
01204 404
01205 404
01206 404
01207 404
01208 404
01209 404
01210 404
01211 404
01212 404
01213 404
01214 404
01215 404
01216 404
01217 404
01218 404
01219 404
01220 404
01221 404
01222 404
01223 404
01224 404
01225 404
01226 404
01227 404
01228 404
01229 404
01230 404
01231 404
01232 404
01233 404
01234 404
01235 404
01236 404
01237 404
01238 404
01239 404
01240 404
01241 404
01242 404
01243 404
01244 404
01245 404
01246 404
01247 404
01248 404
01249 404
01250 404
01251 404
01252 404
01253 404
01254 404
01255 404
01256 404
01257 404
01258 404
01259 404
01260 404
01261 404
01262 404
01263 404
01264 404
01265 404
01266 404
01267 404
01268 404
01269 404
01270 404
01271 404
01272 404
01273 404
01274 404
01275 404
01276 404
01277 404
01278 404
01279 404
01280 404
01281 404
01282 404
01283 404
01284 404
01285 404
01286 404
01287 404
01288 404
01289 404
01290 404
01291 404
01292 404
01293 404
01294 404
01295 404
01296 404
01297 404
01298 404
01299 404
01300 404
01301 404
01302 404
01303 404
01304 404
01305 404
01306 404
01307 404
01308 404
01309 404
01310 404
01311 404
01312 404
01313 404
01314 404
01315 404
01316 404
01317 404
01318 404
01319 404
01320 404
01321 404
01322 404
01323 404
01324 404
01325 404
01326 404
01327 404
01328 404
01329 404
01330 404
01331 404
01332 404
01333 404
01334 404
01335 404
01336 404
01337 404
01338 404
01339 404
01340 404
01341 404
01342 404
01343 404
01344 404
01345 404
01346 404
01347 404
01348 404
01349 404
01350 404
01351 404
01352 404
01353 404
01354 404
01355 404
01356 404
01357 404
01358 404
01359 404
01360 404
01361 404
01362 404
01363 404
01364 404
01365 404
01366 404
01367 404
01368 404
01369 404
01370 404
01371 404
01372 404
01373 404
01374 404
01375 404
01376 404
01377 404
01378 404
01379 404
01380 404
01381 404
01382 404
01383 404
01384 404
01385 404
01386 404
01387 404
01388 404
01389 404
01390 404
01391 404
01392 404
01393 404
01394 404
01395 404
01396 404
01397 404
01398 404
01399 404
01400 404
01401 404
01402 404
01403 404
01404 404
01405 404
01406 404
01407 404
01408 404
01409 404
01410 404
01411 404
01412 404
01413 404
01414 404
01415 404
01416 404
01417 404
01418 404
01419 404
01420 404
01421 404
01422 404
01423 404
01424 404
01425 404
01426 404
01427 404
01428 404
01429 404
01430 404
01431 404
01432 404
01433 404
01434 404
01435 404
01436 404
01437 404
01438 404
01439 404
01440 404
01441 404
01442 404
01443 404
01444 404
01445 404
01446 404
01447 404
01448 404
01449 404
01450 404
01451 404
01452 404
01453 404
01454 404
01455 404
01456 404
01457 404
01458 404
01459 404
01460 404
01461 404
01462 404
01463 404
01464 404
01465 404
01466 404
01467 404
01468 404
01469 404
01470 404
01471 404
01472 404
01473 404
01474 404
01475 404
01476 404
01477 404
01478 404
01479 404
01480 404
01481 404
01482 404
01483 404
01484 404
01485 404
01486 404
01487 404
01488 404
01489 404
01490 404
01491 404
01492 404
01493 404
01494 404
01495 404
01496 404
01497 404
01498 404
01499 404
01500 404
01501 404
01502 404
01503 404
01504 404
01505 404
01506 404
01507 404
01508 404
01509 404
01510 404
01511 404
01512 404
01513 404
01514 404
01515 404
01516 404
01517 404
01518 404
01519 404
01520 404
01521 404
01522 404
01523 404
01524 404
01525 404
01526 404
01527 404
01528 404
01529 404
01530 404
01531 404
01532 404
01533 404
01534 404
01535 404
01536 404
01537 404
01538 404
01539 404
01540 404
01541 404
01542 404
01543 404
01544 404
01545 404
01546 404
01547 404
01548 404
01549 404
01550 404
01551 404
01552 404
01553 404
01554 404
01555 404
01556 404
01557 404
01558 404
01559 404
01560 404
01561 404
01562 404
01563 404
01564 404
01565 404
01566 404
01567 404
01568 404
01569 404
01570 404
01571 404
01572 404
01573 404
01574 404
01575 404
01576 404
01577 404
01578 404
01579 404
01580 404
01581 404
01582 404
01583 404
01584 404
01585 404
01586 404
01587 404
01588 404
01589 404
01590 404
01591 404
01592 404
01593 404
01594 404
01595 404
01596 404
01597 404
01598 404
01599 404
01600 404
01601 404
01602 404
01603 404
01604 404
01605 404
01606 404
01607 404
01608 404
01609 404
01610 404
01611 404
01612 404
01613 404
01614 404
01615 404
01616 404
01617 404
01618 404
01619 404
01620 404
01621 404
01622 404
01623 404
01624 404
01625 404
01626 404
01627 404
01628 404
01629 404
01630 404
01631 404
01632 404
01633 404
01634 404
01635 404
01636 404
01637 404
01638 404
01639 404
01640 404
01641 404
01642 404
01643 404
01644 404
01645 404
01646 404
01647 404
01648 404
01649 404
01650 404
01651 404
01652 404
01653 404
01654 404
01655 404
01656 404
01657 404
01658 404
01659 404
01660 404
01661 404
01662 404
01663 404
01664 404
01665 404
01666 404
01667 404
01668 404
01669 404
01670 404
01671 404
01672 404
01673 404
01674 404
01675 404
01676 404
01677 404
01678 404
01679 404
01680 404
01681 404
01682 404
01683 404
01684 404
01685 404
01686 404
01687 404
01688 404
01689 404
01690 404
01691 404
01692 404
01693 404
01694 404
01695 404
01696 404
01697 404
01698 404
01699 404
01700 404
01701 404
01702 404
01703 404
01704 404
01705 404
01706 404
01707 404
01708 404
01709 404
01710 404
01711 404
01712 404
01713 404
01714 404
01715 404
01716 404
01717 404
01718 404
01719 404
01720 404
01721 404
01722 404
01723 404
01724 404
01725 404
01726 404
01727 404
01728 404
01729 404
01730 404
01731 404
01732 404
01733 404
01734 404
01735 404
01736 404
01737 404
01738 404
01739 404
01740 404
01741 404
01742 404
01743 404
01744 404
01745 404
01746 404
01747 404
01748 404
01749 404
01750 404
01751 404
01752 404
01753 404
01754 404
01755 404
01756 404
01757 404
01758 404
01759 404
01760 404
01761 404
01762 404
01763 404
01764 404
01765 404
01766 404
01767 404
01768 404
01769 404
01770 404
01771 404
01772 404
01773 404
01774 404
01775 404
01776 404
01777 404
01778 404
01779 404
01780 404
01781 404
01782 404
01783 404
01784 404
01785 404
01786 404
01787 404
01788 404
01789 404
01790 404
01791 404
01792 404
01793 404
01794 404
01795 404
01796 404
01797 404
01798 404
01799 404
01800 404
01801 404
01802 404
01803 404
01804 404
01805 404
01806 404
01807 404
01808 404
01809 404
01810 404
01811 404
01812 404
01813 404
01814 404
01815 404
01816 404
01817 404
01818 404
01819 404
01820 404
01821 404
01822 404
01823 404
01824 404
01825 404
01826 404
01827 404
01828 404
01829 404
01830 404
01831 404
01832 404
01833 404
01834 404
01835 404
01836 404
01837 404
01838 404
01839 404
01840 404
01841 404
01842 404
01843 404
01844 404
01845 404
01846 404
01847 404
01848 404
01849 404
01850 404
01851 404
01852 404
01853 404
01854 404
01855 404
01856 404
01857 404
01858 404
01859 404
01860 404
01861 404
01862 404
01863 404
01864 404
01865 404
01866 404
01867 404
01868 404
01869 404
01870 404
01871 404
01872 404
01873 404
01874 404
01875 404
01876 404
01877 404
01878 404
01879 404
01880 404
01881 404
01882 404
01883 404
01884 404
01885 404
01886 404
01887 404
01888 404
01889 404
01890 404
01891 404
01892 404
01893 404
01894 404
01895 404
01896 404
01897 404
01898 404
01899 404
01900 404
01901 404
01902 404
01903 404
01904 404
01905 404
01906 404
01907 404
01908 404
01909 404
01910 404
01911 404
01912 404
01913 404
01914 404
01915 404
01916 404
01917 404
01918 404
01919 404
01920 404
01921 404
01922 404
01923 404
01924 404
01925 404
01926 404
01927 404
01928 404
01929 404
01930 404
01931 404
01932 404
01933 404
01934 404
01935 404
01936 404
01937 404
01938 404
01939 404
01940 404
01941 404
01942 404
01943 404
01944 404
01945 404
01946 404
01947 404
01948 404
01949 404
01950 404
01951 404
01952 404
01953 404
01954 404
01955 404
01956 404
01957 404
01958 404
01959 404
01960 404
01961 404
01962 404
01963 404
01964 404
01965 404
01966 404
01967 404
01968 404
01969 404
01970 404
01971 404
01972 404
01973 404
01974 404
01975 404
01976 404
01977 404
01978 404
01979 404
01980 404
01981 404
01982 404
01983 404
01984 404
01985 404
01986 404
01987 404
01988 404
01989 404
01990 404
01991 404
01992 404
01993 404
01994 404
01995 404
01996 404
01997 404
01998 404
01999 404
02000 404
02001 404
02002 404
02003 404
02004 404
02005 404
02006 404
02007 404
02008 404
02009 404
02010 404
02011 404
02012 404
02013 404
02014 404
02015 404
02016 404
02017 404
02018 404
02019 404
02020 404
02021 404
02022 404
02023 404
02024 404
02025 404
02026 404
02027 404
02028 404
02029 404
02030 404
02031 404
02032 404
02033 404
02034 404
02035 404
02036 404
02037 404
02038 404
02039 404
02040 404
02041 404
02042 404
02043 404
02044 404
02045 404
02046 404
02047 404
02048 404
02049 404
02050 404
02051 404
02052 404
02053 404
02054 404
02055 404
02056 404
02057 404
02058 404
02059 404
02060 404
02061 404
02062 404
02063 404
02064 404
02065 404
02066 404
02067 404
02068 404
02069 404
02070 404
02071 404
02072 404
02073 404
02074 404
02075 404
02076 404
02077 404
02078 404
02079 404
02080 404
02081 404
02082 404
02083 404
02084 404
02085 404
02086 404
02087 404
02088 404
02089 404
02090 404
02091 404
02092 404
02093 404
02094 404
02095 404
02096 404
02097 404
02098 404
02099 404
02100 404
02101 404
02102 404
02103 404
02104 404
02105 404
02106 404
02107 404
02108 404
02109 404
02110 404
02111 404
02112 404
02113 404
02114 404
02115 404
02116 404
02117 404
02118 404
02119 404
02120 404
02121 404
02122 404
02123 404
02124 404
02125 404
02126 404
02127 404
02128 404
02129 404
02130 404
02131 404
02132 404
02133 404
02134 404
02135 404
02136 404
02137 404
02138 404
02139 404
02140 404
02141 404
02142 404
02143 404
02144 404
02145 404
02146 404
02147 404
02148 404
02149 404
02150 404
02151 404
02152 404
02153 404
02154 404
02155 404
02156 404
02157 404
02158 404
02159 404
02160 404
02161 404
02162 404
02163 404
02164 404
02165 404
02166 404
02167 404
02168 404
02169 404
02170 404
02171 404
02172 404
02173 404
02174 404
02175 404
02176 404
02177 404
02178 404
02179 404
02180 404
02181 404
02182 404
02183 404
02184 404
02185 404
02186 404
02187 404
02188 404
02189 404
02190 404
02191 404
02192 404
02193 404
02194 404
02195 404
02196 404
02197 404
02198 404
02199 404
02200 404
02201 404
02202 404
02203 404
02204 404
02205 404
02206 404
02207 404
02208 404
02209 404
02210 404
02211 404
02212 404
02213 404
02214 404
02215 404
02216 404
02217 404
02218 404
02219 404
02220 404
02221 404
02222 404
02223 404
02224 404
02225 404
02226 404
02227 404
02228 404
02229 404
02230 404
02231 404
02232 404
02233 404
02